sanctio,

sanctus,

996

780,³0. 79S,1. 829, 30. - sanccita
canonum 21, 5.

sanctificare 737,15; s. Deo 739,1.
749,153 s. donaria 750, 13 sanctifi-

‹zari aqua 175, 25. 30.

sanctificatio dominica 737, 15.
sanctimonia. 481, 20. 489, 15.
sanctimonialis, e:

s. femina 21, 5.
213, 5. 557, 53 s. habitus 639,10. -
sanctimonialis, sanctae moniales.
94, 10. 207, 25. 210, 15. 30. 211, 1.
256, 25. 264, 10. 284. 285, 1. 10. 15.
422, 35. 434,10. 441,25. 442,1ο. 444.
445, 5. 446, 20. 25. 447. 446, 1. 5. 25.
449. 450, 1. 5. 30. 451. 452, 5, 15. 25.
454, 5. 25. 30. 455, 1. 15. 30. 461, 15. 25.
462, 5. 10. 463. 15. 592, 10. 627, 1.
637, 5. 10. 638, 15. 20. 30. 640. 676,15.
713, 30. 714, ¹3 5., quae se canoni-
cas vocant 284, 103 5. canonice
degentes, viventes 313, 35. 422, 30.
454,1; 5. 111 societate viventes 446,20.

sanccio 459, 1. 460, 35; s.
canonum 180, 15. 706, 35. 722, 253
s. fidei 161, 10; s. patrum 190, 5.

sanctitas 284,5. 4465. 625, 3ος 5. apo-

stolica 39, 303 s. incerta 39, 25; 5.
orthodoxa 523. ¹3 5 sedis 52410,
s. simulata 444.5; 5. vitae 521. -
sauctitas Σ archiepiscopus 458, 2535.
462, 15; s. Ξ episeopus, episcopi 42, 10.
43, 5. 49, ³0. 196,15. 554,15. 557,20.
55S,5; s. :papa 40,15. 534. 556,5.

sanctualia 40, 25. 43, 10.

sanctuarium 95,1. 739, 5. 740, 1. 15. 35. ¹

741, 35. 742, 15. 744, 15. 30. 750, 1.
a, um: s. altare 639, 20.
640,15.810,15;5.;111111151111ῑ.1261,1ο.
262⁷ 53 5. angeli 407,;·11; 511110510-
latus 29,1. 38, 5-15, 40, 25. 41,
1. 15. 20. 42, 5. 25. 43,1.5; s. apostoli
39, 35 s. auctoritas aposnssnliva 793. 5.
805, 1; s. baptisma, baptismum
175, 15. 558, 55 s. basilica 249, 5;
s. canones 17, 5. 82, 5. 254, 30.
274, 15. 554. 153 s. ‹·0episcopus
515,1ο; s. communio 366.5; s. con>
cilium 51. 25. 82. 5. 208, 1. 209, 15.
215, 5. 263. 5. 458, 25. 760, 20.
809, 15. 541135. 30; 5. 1·1’1111”ες5·111’ 4,1.
66,15; s· congregatio 211715, 5.
conventus 16:'›.20. 312. 15. 21η s.
cmix-ursatio 195, 111. 287, 10. 405. 53
s. corpus Christi 817, ῦς s.
Silvostri 820. 25; 5.

(¹01'11US
crux 506. 549,
20. 25. 550,1ο; s. desidorium 452,311;
s. dovotio 482, 15. 483,111. 668, 10.
675, 15. 7116, 203 s. dios 643,»111; 5,
dies dominii-11>v 557,:10; 5, doctor
14:120. 154. 1; 5. dogma 581. 10;
ἢ. (wvlvsia 19, 5. 20.-5· 28, 1. 31). 21].
425. 25. 30. 44. 49, 10. 52, 15. 69, 25.
711, sl. 20. 52311. 83. 1. 5. 54, 10.

§.15. 10. 81¹»,5. 881. 12330- 131.25.
136. 20. 141. 210. 1413. 5. 145. 35.
153, 35. 154. 15. 156, 15. 20. 158,

1410. 1511, :15. 1611,;..;11ἰ. 161,5.25.35.
162, 20. 1623, 5. 164, 25. 30. 165, 25.
173. 25. 175, 20. 176, 251. 194, 5.
109. 10. 203, 15. 2114, 20—30. 207,
25. 311. 206, 10. 211, :15. 213, 25 227,
1. 5. 259, 1. 10. 280,1. 281. 211¹. 2841.

 

sancire -— sanguis.

285, ³5. 291,20. 312, 20. 35. 313, 15.
394, 20. 397, 5. 398, 5. 401,2o. 447,10.
471,15. 481‚5. 482, 40. 484,20. 497,25.
506,15. 522, 10.15.³0. 524, 20. 525‚45.
526, 5. 45. 527,1-10. 528, 35. 40. 529,
20. 25. 530, 1. 10. 531, ιο. 534, 30.
551,1. 599, 5. 601, 5. 610, 20. 30.
622, 10. 625, 3540. 629, 10. 20. 667, 15.
669,1. 674, 30. 675, 5. 681,5. 684, 5.
705, 15. 706, 5. 10. 25. 707, 20. 723,
20. 30. 729, 35. 730‚15. 743,1ο. 744,15.
745, 30. 747, 30. 750, 5. 20. 752, 20.
761,15. 766,10. 767,10.20. 789,1.5.

792,30. 797,15. 802,20. 804, 5. 20.*

820, 20. 25. 826‚15.20. 848,1. 856, 53
s. eeclesia regalis 856,ao; s. epi-
scopus 51, 2ος s. evangelium 167,2o.
287,5; s. femina 454, 2ος s. fides
250‚15.25; s. frater 795, 25. 799, 3ος
s. habitus 104, 20; s. imago 87, 25,
s. largitas apostolica 792, 253 s.
loeus 7, 5. 66, 25. 68, 10. 35. 69, 1.
282, 30. 820, 25. 857,15; 5. martyr
4, 1. 66, 15. 25. 69‚1.20. 90, 10.
497,20. 785,40. 814, ,10; s. mater
ecclesia 813, 1; s. memoria 481, 30;
5. monasterium 65, 20. 6S,15.25;
5. moniales 94,10. 207, 25. 211,1.
256, 25. 461, 25. 638, 15. 20 (v.
sanctimonialis); s. mores 249,10;
s. nomen 66,15; s. nox 194,20;
s. oratio 158, 35, 5. ordo 62, 5.
163111. 799, 303 s. oleum 175,25.
71053 5.
patros 13,5. 17,10. 2S,1. 40,5.10. 25.
43. 20. 51.15. 6225. 83,15. 87, 25.
SS. 5. 99.5.15..›0. 911,;15. 111. 30.

114, 30. 140, 25. 143, 25. 2⁵5. 10. 144, 1. g

145,1. 151, 5. 311, 155, 5. 156, 10. 25.
1511,1.5. 30. 160,1.10. 181, 10. 25.
18210311, 204, 20. 22l,15.20. 222,
1.15. 236. 20. 242, 25. 249, 30. 251,25.
255,15. 259, 25. 262, 25. 287,5. 312,
25. 2³0. 313. 5. 210. 394. 25. 398, 1. 15.
399, 20. 30. 400, 20. 405, 5. 410, 15.
418,·.·0. 419,1. 421,1. 422,30.441,3o.
442, 10, 15. 444, 15. 445, 30. 455. 20.
458,25.30. 461,15. 4sl,15.25. 462,30.
48:3,1.20.10. 484,st 489,20. 497,20.
506,15. 521,30. 522,5. 526,10, 53:5,5
534,15. 535.:15. 536,1. 551,ι. 586,5.
594, 15. 609, 1. 5. 610, :15. 614, 110.
622, 1. 626, 5. 632, 5. 35. 635, 5.
637,20. 639.10. 656, 5. 739,5. 746,15.
was—15. 7661111. 778,30. 801,35.
808,1. 54215. 851, 25. 852, 13 5.
paternitas 535. 5; s. pax 52, 2(1; 5.
plebs 51, 20. 522. 13 5. pontifex
92, 211; s. pracceptunl 645. 1: s.
praedecessor 651’1,1; s. praedicatio
268,1. 302,30; 5. praedicator 124,25.
186, 203 5. principes apostoli 10, 53
5. principes apostolorum Petrus et
Paulus 13,10; s. professio 266, 25;
5. propositum 40215. 442,10; 5.
prothomartyr 62, ῦς 5. recordatio

84, 1. 89.15. 9(1,15; s. regula 34,15.

62, ιο. 210. 30. 211,1. 263,25. 264,10.
266, 20. 557,2›0; 5. religio 442..’1.20.
461,30. 636,10. 689,10; s. reliquiae
479,³0; s. res 713,5; s. resurrectio
200,15. 525, 5. 826,1.⁵; s. rex
767, 203 5. sacerdos 51, 30. 342, 20.
611,10. 625,1. 673, 30. 838, 153 s.

papa 20, 5.10; s. pater, ξ

 

 

sacramentum evangelii 186, 5. 10;
5. sacrificium 52, 253 s. scrinium
43, 5; s. scriptura 56, 25. 147, 5. 35.
154‚15. 156,1o. 160‚15. 174,1.198,5.
239, 20. 274, 15. 280, 10. 15. 281, 10.
285, 30. 35. 301, 5. 313, 25. 394, 30.
398, 20. 403, 25. 404, 15. 405, 1. 5.
417,15. 451,1. 455, 25. 481,25. 483,1.
714, 5. 730, 5. 777,20. 796, 35. 800, 20;
s. sedes 71, 10. 82, 10—20. 83, 10. 15.
203, 20. 254, 5. 524, 25. 525, 5. 15.
539, 10. 797, 35. 812, 30. 820, 10; s.
solemnitas 51,15; s. synodica 105,1;
s. synodus 51, 20. 93, 25. 99, 25.
143, 1. 166, 15. 35. 167, 5. 168, 10.
171, 20. 212, 35. 213, 1. 233, 15.
272, 20. 479, 25. 586, 35. 587,15.
826, 10. 827, 15. 30. 35. 849, 10. 303 s,
templum 737,13 s. tempus quadra-
gesimae 722, 1 ; ’5. tractator 153, 303
s. trinitas 213, 253 s. urbs 12, 1.
38, 5. 43, 253 s. urbs metropolitana
829,10; s. vas 755, 5; s. vir 497, 20.
626, 1. 203 s. virtus 414, 5. 454, 20;
s. vita 249, 5. —— sanctissimus, a,
um: s. almitas 86,10; 5. apostolus
39, 2ος s. archiepiscopus 3S‚5. 49, 30.
90‚10. 585, 1; s. aures sacerdotales
158,25; s. canones 810, 153 s. con-
cilium 165, 30. 166,1; s. confrater
820, 15; s. consacerdos 82, 1; s.
corpus 67.1; s. decretmn 160, 153
s. devotio 483,1; 5. doctor 155, 10;
s. domnus 534,5; s. episcopus 11‚35.
22, 5. 28, 10. 37, 25. 40, 20. 35. 41,
15. 20. 42, 5. 15. 45. soso. 83,1. 85‚30.
69.15. 584, 30. 35; s. frater 17, 1.
38,10. 41,15.20. 42, 40. 82.1; s. le-
gatus 49, 30. 35. 587,5; 5. memoria
65, 10; s. metropolitanus 478, 20: s.
papa 22, 1. 28, 1, 37, 25. 38, 5.
40, 20. 30. 35. 41, 5. 15. 20. 42. 43, 5.
65,10. 89,1. 90,20. 203,15. 204,15.
240, 20. 479, 35. 560, 20. 25. 569, 5.
5725. 580, 153 s. pater, patres 65,15.
82, 15. 91, 10. 162, 35. 165, 20. 25.
479, 30. 535,5. :15.-103 s. petitio 820,15;
s. pontifex 8275. 10. 91, 5. 92. 522, 30.
525, 25. 624, 30. 709, 5-15; s. praesul
82, 25. 89‚25; 5. praedeeessor 91,-21η
s. princeps apostolorum 479, 35. 403
s. sacerdos 249, ¹3 s. vir 82,10. 85110.
441,25. 555,15, 709,15. — sanctus,
sancti 3, 10. 4, 1. 34.1. 40, 25. 30.
60, 15. 65, 25. 66, 5. 20. 25. 67, 5—15.
68, 5. 20. 69,) 83,1. 815 10. 25.
91,5.15. 92, 10. 113, 35. 159,20.167,5.
170, 20. 271,1. 272, 20. 283,1. 304, 35.
479, 30. 481,10.20. 483,10. 484, 1.
487, 25. 489,15. 494, 10 15. 507,1.
521,45. 538‚³0.*549,25. 551,5. 581,15.
618, 35 624, 35. 688, 35. 689, 20. 25.
694,1. 731,5. 784,25. 785,15. 786,2o.
787, 25. 820, 10. 25. 828, 1. 10. —
saneti Σ episcopi 795, 25; s. Ξ scrip-
tores ecclesiastici 221, 15.

sanguis: effusio sanguinis Christia-

norum 675, 30. - adfinitas san-
guinis propinqui 191, 30. —— sanguis
Christi, divinus, Domini, dominicus
14,1. 18, 20. 52, 25. 193, ³0. 283,
5. 15. 301, 1. 304, 5. 639, 20. 641, 20.
642, 10. 672, 15—25. 677, 1. 711, 40.
744, 10. 770, 35.

 

1³

